13
999 2 8 999 999 999 999 999 999 999 999 999 999
999 999 2 999 999 999 9 999 999 999 999 999 999 
999 999 999 6 999 8 1 999 999  999  999  999 999
7 999 999  999  999  999 999  999  999  999 999 999 999 
999  999 1 7  999  999 999 999 999 999 999 999 999  
999  999  999  999 1  999  999 9 8  999  999 999 999 
999  999  999  999  999 2 999 2 999  999  999  999  999 
999  999  999  999  999  999  999  999 9 999  999 2 999 
999  999  999  999  999  999  999  999  999 6 999 9 8
999  999  999  999 7 6  999  999  999  999  999  999  999 
999  999  999  999  999  999  999  999 6 7  999  999  999 
999  999  999  999  999  999  999  999  999  999  999  999 2
999  999  999  999  999  999  999  999  999  999 7  999   999 